69442
165091
74506
94618
79483
7703
108514
171928
27983
28634
163104
101746
145686
94948
61138
162736
59415
128745
183051
40398
170048
146571
136543
45500
110766
38994
103958
103510
183885
134553
27966
172398
76710
34457
62323
51704
72230
89229
131816
50272
81525
140580
35252
19278
69087
30184
94267
43614
71284
31165
143138
140172
66580
176913
126414
137770
39637
185840
190300
184687
167945
29446
146283
28753
33570
4412
9102
170421
54637
191211
68615
170952
37072
141884
101259
167104
73305
50583
143277
109680
17705
96134
190218
188630
160744
163457
164777
188270
113558
112605
86633
87846
148235
82636
17544
108688
135272
67025
19076
19799
5557
134809
128980
42873
140152
46143
105098
71068
26626
44644
20776
26006
32656
19332
43440
93657
129517
180519
69183
125554
145728
51141
90380
133655
13626
35254
126074
104900
137227
136752
71982
170102
67703
98937
14116
53043
169876
147205
100791
24483
141093
5807
11151
138586
164763
65145
190702
165078
42408
31177
130200
68008
53119
121185
129672
12886
178439
156058
85693
23954
129833
163660
82777
162731
81143
27020
6165
122765
44834
11747
184672
187901
27787
156073
23487
155309
80804
67448
52216
60685
153955
9432
25440
26497
74550
54641
88295
37069
141812
180565
166678
188879