69442
165091
74506
94618
79483
7703
108514
171928
27983
28634
163104
101746
145686
94948
61138
162736
59415
128745
183051
40398
170048
146571
136543
45500
110766
38994
103958
103510
183885
134553
27966
172398
76710
34457
62323
51704
72230
89229
131816
50272
81525
140580
35252
19278
69087
30184
94267
43614
71284
31165
143138
140172
66580
176913
126414
137770
39637
185840
190300
184687
167945
29446
146283
28753
33570
4412
9102
170421
54637
191211
68615
170952
37072
141884
101259
167104
73305
50583
143277
109680
17705
96134
190218
188630
160744
163457
164777
188270
113558
112605
86633
87846
148235
82636
17544
108688