15492
80002
27527
66123
19745
51817
53707
24149
25505
75983
3803
32674
39665
1652
14517
8693
38029
72570
66563
78648
56735
77732
19272
71946
69763
3784
33932
1414
35380
13010
75873
5666
32657
75027
67493
74480
9812
9414
7031
68867
54809
11360
38638
36359
49756
68038
32355
41420
34748
6758
73334
51040
45530
68788
2755
79413
40076
20585
9628
22271
77664
59652
26101
73678
51650
51126
32737
64721
75023
56024
19333
44738
40510
80732
28362
21911
31678
17805
69732
69643
60435
1044
27744
47247
9125
33157
79577
74722
79707
9438
74370
37703
70326
55808
60322
18699
9800
16438
66388
11910
41302
72571
63067
45262
80878
9467
18279
58059
31387
24558
53658
74422
36925
68397
4451
53034
70995
27696
69504
50123
29885
53844
10652
77482
27399
42318
15096
3150
41343
18832
65271
66553
20148
79675
77365
17639
7032
57089
25379
3085
6443
44000
3035
32043
66180
45919
56252
24750
47506
49851
38568
362
67811
25022
63588
14352
52509
61928
79860
4580
8646
42925
28131
48751
44970
46511
19079
14825
1496
7246
27345
45519
49085
41388
67139
80979
26329
11202
16260
410
28669
35857
55953
51022
65740
75325
9526
70216
77386
26547
8259
56488
50137
39098
11456
3555
11737
41393
28644
32774
42707
45998
41461
71133
30250
50065
46798
53678
29316
50626
16228
16450
16976
46522
23969
8553
45312
23908
67848
43676
60382
29718
53455
28975
60317
46597
62526
579
33667
1777
27830
20997
59874
78031
78380
36310
50148
47360
20194
43472
10650
51286
470
38137
62410
78315
58123
34342
9711
58189
16814
12507
27841
79083
26130
29697
46842
13625
80285
6753
59223
52337
3331
32214
10484
50923
73915
26884
60527
64007
19749
36257
40050
67640
32910
44668
69207
26381
6704
61679
37573
2010
39745
51348
71136
61519
75756
41444
13715
77728
73807
65249
49535
27699
55805
46392
45827
1551
45063
40130
44382
12028
3983
45716
76423
19002
32941
15411
5071
29795
56484
65212
61099
19010
69840
56550
12309
69554
35764
53361
59163
50543
3820
8253
65
74245
69446
61277
5405
80142
20198
1380
70601
48260
51453
60487
18284
26452
18946
9360
54585
4786
8637
52091
80199
44995
51543
12971
12241
24458
658
54905
4558
31061
21231
78322
79570
61598
61385
54857
31817
59952
21333
59518
61558
31415
52644
65618
57155
9750
17795
49826
60471
64370
3567
7787
63935
77767
67175
35140
59693
64478
77615
3979
66699
71331
4908
41033
74812
23020
31038
49333
56936
1849
834
8738
58918
58617
79047
68140
76711
38223
6627
61075
43931
16647
16258
63515
22853
25229
39576
54273
61138
9814
30390
71184
72313
74486
9102
8042
79913
46528
37627
59103
50712
28078
5472
79200
78283
21928
63660
40717
43431
34054
42410
37757
61487
19714
33980
10056
34966
19031
29018
75361
44641
48608
14497
57575
5796
81248
35914
74603
79908
41209
40655
47381
48145
46010
36992
3586
8095
1077
10925
51864
51473
66714
76627
9724
26155
9159
7054
32915
51691
35673
25527
76660
42026
20205
57166
2709
44480
44210
73214
8853
34425
77748
20536
79284
21905
52747
32406
4160
845
12364
5721
29033
44025
76589
19304
11908
32808
64327
3450
24021
9074
60397
38832
32322
7476
43224
59426
37873
69718
68563
36701
30881
18322
78738
38309
3334
32995
73587
51603
64205
56277
47660
54522
39167
49101
58481
78279
65209
78211
24885
64366
6188
74356
35324
37788
74051
54162
20809
23211
3510
2602
31205
59253
50812
54308
60958
22570
730
1837
14259
30323
19766
22182
18844
46093
61200
14138
2195
20347
4296
79366
4393
55126
79271
32688
50814
29844
881
73888
66045
80814
48213
60396
80198
31057
13065
64855
2615
32844
22988
1055
20294
27429
57883
4556
48699
22174
14738
5343
79470
43132
6884
7154
15685
76619
33564
40604
39692
2140
62524
74588
43198
14844
6875
78431
59322
73542
67648
23559
31113
19330
68517
49082
78276
29520
18888
73734
77925
25392
20802
61778
31409
63039
21394
70306
30658
24655
42864
39300
64566
72950
69733
79001
23711
34098
21531
10391
9262
33332
13833
74767
61633
46985
50619
27406
20053
37280
34228
60047
2029
50421
62728
190
86
30874
52232
22012
5603
37244
70341
61468
26532
28633
46504
79036
76112
15090
42854
47184
39693
78670
50056
22289
60803
27558
32909
17924
48808
37622
78892
54307
18908
46423
30301
60850
80603
79031
68859
63908
62029
72665
68728
26248
14326
39706
21103
12002
4213
62947
44131
38652
13345
43160
65193
11618
49386
1441
48154
66696
58879
34707
67852
44830
71928
57994
60159
25180
32478
1811
42520
8373
35698
53342
7964
4480
40052
37611
8966
27758
4606
15328
55481
67070
8155
39186
76739
57990
29347
58074
38984
55136
76251
7431
80452
70085
25706
56387
27483
77208
52624
68299
40326
40815
52381
73529
52674
29036
66422
53066
24252
69475
2333
31496
53994
42730
11587
41954
8414
59017
58419
59149
73521
38718
1065
80865
59440
15870
49257
41073
8712
77351
14048
58548
45515
3593
6824
26206
80676
23889
35124
40218
76418
6647
24710
48053
38553
2209
8278
53851
38688
75036
38960
28842
11723
39198
50162
51028
13114
36236