67855
55197
2513
7606
63295
51261
65368
78873
70300
56133
19540
2568
24198
70350
39511
18997
68384
16489
71928
53061
66874
19800
55023
17913
63803
69226
59576
7298
16832
9333
20735
24615
63935
25199
32580
23330
63318
77726
54900
48317
62731
80362
75489
56565
38531
51911
4653
57488
64272
16618
73729
40831
44618
49550
59025
52818
64334
6575
27139
32514
36280
28969
31473
66539
30883
70477
1115
75299
56803
49954
26130
43939
20589
53317
68677
69320
36790
54203
11468
53479
6569
65221
41979
66055
79197
44785
51467
14045
34011
67663
13181
4357
57806
30001
41848
23028
50743
46202
11468
1721
1061
48365
48099
36986
144
1302
61905
60484
27474
12249
36550
51853
44280
18252
68763
11788
66839
26922
61958
7068
5259
78479
34337
21403
57311
67666
73671
29972
35415
50264
30081
48898
61994
2194
14582
67517
70846
69584
40695
16773
73545
54905
39520
61000
23218
38987
77000
21249
73230
76816
23963
29468
20735
15916
6335
38118
4328
47963
52249
52323
81201
59390
19662
48230
25366
29367
25084
45874
57815
53200
9491
16208
58255
10718
17735
64166
21955
19082
2840
29006
50985
33521
62172
29360
73689
56868
65995
30118
79915
10287
19058
26540
1413
13810
68723
41153
11216
53683
13732
11295
3140
26735
74941