79349
19585
22902
43087
24408
29541
62661
53020
56319
2058
11822
19819
17146
43886
73209
38806
75832
75245
67969
46671
75549
34679
19847
30349
15834
58979
27842
33710
22167
16363
21722
39234
53778
27003
46834
52210
31836
70992
69981
23615
31678
67262
60305
75468
16448
35739
18271
39373
34939
32259
69803
29268
51693
6551
21278
18925
17770
60563
69586
10684
49175
37964
78211
54903
1188
60492
78024
75320
26467
33386
47037
59726
12136
61574
11270
50454
5119
76771
26522
68796
48698
78189
21188
59857
59779
18112
29930
63409
13737
620
78399
2261
30693
8543
74318
23944
54315
51831
25717
77839
24412
16093
20012
31728
30689
21528
6532
21606
14790
69638
13859
17033
32878
24108
39475
32172
69345
81250
21255
1451
80125
22000
23009
1630
53914
44604
47989
57587
67722
15616
4093
576
62354
78171
52403
53264
60516
8908
74025
23301
15423
30567
68854
8913
57361
77448
74708
29168
43332
31868
16087
68271
65087
31689
8285
51574
24707
38292
24467
66889
6710
39645
61458
29471
40363
80791
29338
5171
48667
68367
28784
62669
27129
64042
64093
30748
79
35349
32181
26895
19003
38147
53343
6718
24137
71834
6097
18205
73139
71057
40293
54299
2361
21768
79359
13674
1395
22981
5610
8078
7066
28091
50736
70639
21501
1977
44426
14984
63246
36586
72668
56699
6838
9370
56771
46294
27902
1361
3009
63715
63712
15702
60642
31409
25993
36570
26271
4039
75715
5811
59087
65689
19572
25369
77275
51690
29275
39657
63962
11558
75043
30996
47960
54625
59784
59002
20843
6892
36798
12668
56598
12563
41921
50192
21785
44624
40220
80095
9996
62590
42265
14112
32013
34661
40966
2702
62578
75483
33165
77497
42272
13060
55434
59969
41917
11322
59215
24961
29970
15267
76578
2514
33045
73718
75462
48953
23084
41390
33527
50674
71205
10753
22030
1006
27120
14884
2850
25609
5640
58930
15694
22481
22811
21719
12167
58037
6952
36054
19886
29722
23357
18242
35726
27469
32536
25294
8130
40903
18021
837
47253
60963
8104
33562
67085
26686
23808
22064
1583
69017
12885
75454
5460
30471
57434
1182
58599
38428
62124
16242
6093
36317
52642
1849
54176
24946
26893
37071
71813
43644
50302
45942
50519
61890
18587
14490
63814
65963
50292
33661
51757
23488
9415
54659
66973
52528
10488
59867
25371
18274
42792
53829
23598
69171
21867
72915
16589
42816
47737
5222
66271
56309
9603
34852
45484
50807
62950
8804
5156
74464
24237
23690
14779
59508
19332
10976
19809
22809
57835
7952
28735
31289
10880
14029
12485
13411