9923
23721
5528
49729
41268
52127
12497
75203
17466
35435
19967
71933
15616
77100
2087
72833
10169
19081
8328
52244
23702
43439
53822
48372
54092
38367
18918
31283
50033
12630
16152
67930
30040
79004
52643
10178
42431
80174
58897
33422
18306
54476
75261
65521
30699
23955
770
26884
26108
13320
36890
11646
73440
32232
63644
48149
63027
57416
64965
79009
73185
33615
27473
35640
42998
18329
23326
31294
18274
36477
66936
3729
19193
74429
53207
22746
74856
65597
79495
10584
8602
42166
63275
2456
42815
30988
38838
11480
69457
9014
26706
3804
63252
1334
58824
63786
32854
73310
61170
43117
64500
34720
70749
28970
37685
37305
37455
69480
64933
79311
8367
63379
50396
23864
73137
35728
35637
68455
21051
44612
9709
14422
47239
43596
60743
49108
33541
46137
42357
41415
42483
70536
20358
19127
32291
67850
57279
15067
44326
77525
8177
782
56543
68646
11241
21727
36606
33533
30920
50954
25554
64019
58436
64592
20968
66174
37647
78487
42885
43941
33070
27573
39363
15051
61835
75514
57170
46688
17175
59011
1963
79157
40726
49323
79441
81268
69448
78001
24959
33788
22568
20025
11648
52686
74841
62464
79037
58148
74261
19934
69263
45717
17465
37749
59353
81061
50174
6978
5269
55575
59118
53809
20353
67686
27280
22803
2241
65479
38620
34803
21623
8429
27402
20576
42812
3302
2444
67114
16639
29483
2305
77534
18179
32822
28789
8556
77154
18484
8788
66060
28634
10636
40072
79232
17620
57907
76734
74223
16364
79279
50530
28796
34621
74386
19012
68070
11190
69825
54375
24553
81204
40826
29234
27016
6879
37754
13153
33291
8965
15268
56055
52403
45381
17900
76008
2495
46423
36009
30427
19097
42235
63107
11311
22414
28602
31695
79502
47638
58828
19791
44524
35192
33561
63961
53024
55568
42743
69389
499
30831
59430
5579
58962
77977
74997
35185
54524
23986
37605
13610
1959
25012
79816
14856
51516
44989
37430
61847
67541
9978
59315
76045
42062
20019
24163
4128
44600
48991
29922
20215
1601
28726
70109
26361
15903
21433
42886
26363
49812
21165
14382
63257
30995
69210
50976
6609
35590
5545
56102
59160
74991
25273
52451
40192
17160
64114
75216
11498
55960
8687
64483
29791
64791
56337
45686
51637
80487
21020
66560
76000
55530
20876
81092
37909
52128
54772
63579
26258
67080
79804
16574
44318
28430
20547
1516
71671
29836
19325
74626
35251
19888
48013
56644
43927
16285
46033
6708
31268
30615
60283
18764
32356
89
30426
17882
38464
44504
56819
32960
76902
72644
74121
9398
61760
14553
28859
9351
24470
73101
28074
7025
36878
5230
24046
56148
7376
16175
45214
12452
55358
2236
66718
10425
71887
15616
35051
1758
14812
7037
13565
67692
25744
20633
44429
45171
43326
64649
3822
61645
48528
23292
78951
39162
73333
9888
9587
15135
22465
55855
13145
9604
18820
14705
58250
54376
56281
28264
40198
25742
60826
14304
3063
18702
39262
21305
49087
58009
40601
39879
61685
30932
11885
62248
4490
1485
56889
16830
65512
69909
39459
39478
40506
8899
15833
392
68312
18932
63340
38009
37314
77933
6024
55215
8576
45475
75374
62660
56070
18164
4197
41786
77527
52065
10487
37461
47901
10397
42013
38868
4475
50853
13889
74324
2549
17371
75513
13930
1625
74370
33516
11721
26908
78834
49093
7424
42513
27664
50003
47392
79178
40972
63645
36921
7139
73217
28525
3988
77896
24628
21729
55401
44326
18458
48281
4826
25063
31280
17395
56565
17946
80761
15478
34918
15777
68297
68045
52057
27848
54008
73748
73279
19987
40162
22022
12888
5656
53082
62472
51305
77833
24486
20734
35193
29811
69154
28938
32157
60872
13904
46107
80481
22552
78577
68349
8734
9264
80096
78240
47367
19468
52277
2021
7222
64358
52419
75309
70013
23750
50450
76495
74739
41620
28738
75463
9618
32149
48379
7606
5183